earliest_parent  0, 0  0, 1  0, 2  0, 3  0, 4  0, 5  0, 6  0, 7  0, 8  0, 9  0,10  0,11  0,12  0,13  0,14  0,15  0,16  0,17  0,18  0,19  0,20  0,21  0,22  0,23  0,24  0,25 
earliest_parent  1, 0  1, 1  1, 2  1, 3  1, 4  1, 5  1, 6  1, 7  1, 8  1, 9  1,10  1,11  1,12  1,13  1,14  1,15  1,16  1,17  1,18  1,19  1,20  1,21  1,22  1,23  1,24  1,25 
earliest_parent  2, 0  2, 1  2,19  2,19  2,19  2,19  2,19  2,19  2,19  2,19  2,19  2,19  2,19  2,19  2,19  2,19  2,19  2,19  2,19  2,19  2,19  2,19  4,22  2,23  2,24  2,25 
earliest_parent  3, 0  3, 1  2,19  2,19  3, 4  3, 5  3, 6  3, 7  3, 8  2,19  3,10  3,11  3,12  3,13  3,14  4, 1  3,16  3,17  3,18  3,19  3,20  2,19  4,22  3,23  3,24  3,25 
earliest_parent  2,19  2,19  2,19  2,19  2,19  2,19  2,19  4, 1  4, 1  4, 1  4, 1  4, 1  4, 1  4, 1  4, 1  4, 1  4,16 10,15 10,15 10,15 10,15  2,19  2,19  2,19 12, 0  4,25 
earliest_parent  2,19  4, 1  5, 2  5, 3  5, 4  5, 5  5, 6  4, 1  4, 1  5, 9  5,10  5,11  5,12  5,13  5,14  5,15  5,16 10,15  5,18  5,19  5,20  5,21  5,22  2,19 12, 0  5,25 
earliest_parent  2,19  4, 1  7, 2  6, 3  4, 1  4, 1  4, 1  4, 1  4, 1  4, 1  6,10  6,11  6,12  6,13  6,14 10,15 10,15 10,15 10,15 10,15  7,20  6,21  7,20  2,19 12, 0  6,25 
earliest_parent  2,19  4, 1  4, 1  4, 1  4, 1  7, 5  7, 6  7, 7  7, 8  4, 1  4, 1 10,11  7,12  4, 1  4, 1 10,15  7,16  7,17  7,18  7,19  2,19  2,19  2,19  2,19 12, 0  7,25 
earliest_parent  2,19  8, 1  8, 2  8, 3  4, 1 10, 5  8, 6  8, 7  8, 8  4, 1  4, 1 10,11  8,12  4, 1  4, 1 10,15  8,16  8,17  8,18  4, 1  2,19  8,21  8,22  8,23 12, 0  8,25 
earliest_parent  2,19  9, 1  9, 2 12, 0  4, 1 10, 5  9, 6  9, 7  9, 8  4, 1  4, 1 10,11  9,12  4, 1  4, 1 10,15  9,16  9,17  9,18  4, 1  2,19 12, 0  9,22  9,23 12, 0  9,25 
earliest_parent  2,19 10, 1 10, 2 12, 0  4, 1  4, 1  4, 1  4, 1  4, 1  4, 1  4, 1  4, 1  4, 1  4, 1  4, 1  4, 1  4, 1  4, 1  4, 1  4, 1  2,19 12, 0 10,22 10,23 12, 0 10,25 
earliest_parent  2,19 11, 1 11, 2 12, 0  4, 1 11, 5 11, 6 11, 7 11, 8 11, 9 11,10 11,11 11,12 11,13 11,14 11,15 11,16 11,17 11,18 11,19  2,19 12, 0 11,22 11,23 12, 0 11,25 
earliest_parent  2,19  2,19  2,19  2,19  2,19  2,19  2,19  2,19  2,19  2,19  2,19  2,19  2,19  2,19  2,19  2,19  2,19  2,19  2,19  2,19  2,19 12, 0 12, 0 12, 0 12, 0 12,25 
earliest_parent 13, 0 13, 1 13, 2 13, 3 13, 4 13, 5 13, 6 13, 7 13, 8 13, 9 13,10 13,11 13,12 13,13 13,14 13,15 13,16 13,17 13,18 13,19 13,20 13,21 13,22 13,23 13,24 13,25 
earliest_parent 14, 0 14, 1 14, 2 14, 3 14, 4 14, 5 14, 6 14, 7 14, 8 14, 9 14,10 14,11 14,12 14,13 14,14 14,15 14,16 14,17 14,18 14,19 14,20 14,21 14,22 14,23 14,24 14,25 
earliest_parent 15, 0 15, 1 15, 2 15, 3 15, 4 15, 5 15, 6 15, 7 15, 8 15, 9 15,10 15,11 15,12 15,13 15,14 15,15 15,16 15,17 15,18 15,19 15,20 15,21 15,22 15,23 15,24 15,25 
